0000 0100 0000 7003 01b7 0000 0000 0000
1a7b ff58 0000 0000 a2bf 0000 0000 0000
0207 0000 ff58 ffff 1118 0000 0000 0000
0000 0000 0000 0000 0085 0000 0001 0000
01b7 0000 0001 0000 0015 0063 0000 0000
0379 0000 0000 0000 0325 0061 0009 0000
0279 0008 0000 0000 2a7b ff48 0000 0000
0225 005e 0063 0000 0315 000c 0000 0000
01b7 0000 0000 0000 a4bf 0000 0000 0000
0407 0000 ffb8 ffff a5bf 0000 0000 0000
0507 0000 ff68 ffff 06b7 0000 0001 0000
0107 0000 0001 0000 147b 0000 0000 0000
657b 0000 0000 0000 0407 0000 0008 0000
0507 0000 0008 0000 132d fffa 0000 0000
01b7 0000 0000 0000 1a7b ff40 0000 0000
a179 ff48 0000 0000 0115 0014 0000 0000
01b7 0000 0000 0000 1a7b ff40 0000 0000
01b7 0000 0001 0000 0a7b ff38 0000 0000
0005 001a 0000 0000 197b 0000 0000 0000
73bf 0000 0000 0000 020f 0000 0000 0000
237b 0000 0000 0000 0567 0000 0003 0000
a079 ff38 0000 0000 050f 0000 0000 0000
5179 0008 0000 0000 a279 ff40 0000 0000
210f 0000 0000 0000 1a7b ff40 0000 0000
41bf 0000 0000 0000 0107 0000 0001 0000
a279 ff48 0000 0000 422d 000b 0000 0000
01b7 0000 000a 0000 1a6b ff54 0000 0000
01b7 0000 6c25 646c 1a63 ff50 0000 0000
a1bf 0000 0000 0000 0107 0000 ff50 ffff
02b7 0000 0006 0000 a379 ff40 0000 0000
0085 0000 0006 0000 01b7 0000 0002 0000
0005 002e 0000 0000 14bf 0000 0000 0000
45bf 0000 0000 0000 0527 0000 0003 0000
52bf 0000 0000 0000 0267 0000 0003 0000
01bf 0000 0000 0000 210f 0000 0000 0000
1779 0000 0000 0000 1879 fff8 0000 0000
0415 0005 0001 0000 020f 0000 0000 0000
01b7 0000 0001 0000 2379 0008 0000 0000
2279 fff0 0000 0000 322d 001f 0000 0000
81bf 0000 0000 0000 12bf 0000 0000 0000
0267 0000 0003 0000 a6bf 0000 0000 0000
0607 0000 ffb0 ffff 260f 0000 0000 0000
6879 0000 0000 0000 815d fff8 0000 0000
78bf 0000 0000 0000 82bf 0000 0000 0000
0267 0000 0003 0000 a9bf 0000 0000 0000
0907 0000 ffb0 ffff 290f 0000 0000 0000
9779 0000 0000 0000 785d fff8 0000 0000
811d ffd1 0000 0000 12bf 0000 0000 0000
0267 0000 0003 0000 a7bf 0000 0000 0000
0707 0000 ff60 ffff 73bf 0000 0000 0000
230f 0000 0000 0000 82bf 0000 0000 0000
0267 0000 0003 0000 270f 0000 0000 0000
7279 0000 0000 0000 3079 0000 0000 0000
203d ffba 0000 0000 867b 0000 0000 0000
0005 ffba 0000 0000 10bf 0000 0000 0000
0095 0000 0000 0000 0000 0100 0000 0000
0000 0100 0000 0800 0000 7009 0000 0a00
0000 0000 0000 0600 0000 0000          